10      1       0.00
9       1       0.0229
8       1       0.0392
7       1       0.0560
6       1       0.0711
5       1       0.0957
4       1       0.1048
3       1       0.1268
2       1       0.1323
1       1       0.1327
10      2       0.0
9       2       0.0195
8       2       0.0315
7       2       0.0467
6       2       0.0645
5       2       0.0871
4       2       0.0963
3       2       0.1227
2       2       0.1294
1       2       0.1311
10      3       0.00
9       3       0.0153
8       3       0.0233
7       3       0.0301
6       3       0.0388
5       3       0.0490
4       3       0.0514
3       3       0.0637
2       3       0.0646
1       3       0.0708
9       4       0.2143
8       4       0.2057
7       4       0.1922
6       4       0.1662
5       4       0.1439
4       4       0.1170
3       4       0.0961
2       4       0.0647
1       4       0.0335
0       4       0.00
9       5       -0.3216
8       5       -0.3085
7       5       -0.2838
6       5       -0.2408
5       5       -0.1972
4       5       -0.1610
3       5       -0.1179
2       5       -0.0760
1       5       -0.0380
0       5       -0.00
9       6       -0.1114
8       6       -0.1060
7       6       -0.0964
6       6       -0.0822
5       6       -0.0645
4       6       -0.0544
3       6       -0.0338
2       6       -0.0217
1       6       -0.0105
0       6        0.00
