10      1       0.00
9       1       0.0157
8       1       0.0414
7       1       0.0624
6       1       0.0771
5       1       0.1164
4       1       0.1219
3       1       0.1286
2       1       0.1302
1       1       0.1315
10      2       0.0
9       2       0.0442
8       2       0.0819
7       2       0.1215
6       2       0.1511
5       2       0.2345
4       2       0.2455
3       2       0.2520
2       2       0.2590
1       2       0.2655
10      3       0.00
9       3       0.0185
8       3       0.0414
7       3       0.0540
6       3       0.0626
5       3       0.0933
4       3       0.0965
2       3       0.1100
1       3       0.1075
10       4       0.1532
9       4       0.1623
8       4       0.1582
7       4       0.1545
6       4       0.1294
5       4       0.1120
4       4       0.0356
3       4       0.0231
2       4       0.0017
1       4       0.00
